0, 3677, 202, 50
1, 3761, 208, 50
2, 3840, 214, 50
3, 3927, 221, 51
4, 4012, 229, 51
5, 4088, 241, 51
6, 4154, 248, 51
7, 4221, 258, 51
8, 4283, 270, 51
9, 4334, 281, 51
10, 4369, 295, 52
11, 4419, 313, 53
12, 4459, 332, 54
13, 4480, 355, 54
14, 4508, 388, 55
15, 4527, 425, 55
16, 4521, 454, 55
17, 4530, 494, 55
18, 4518, 535, 55
19, 4476, 579, 55
20, 4451, 633, 55
21, 4404, 701, 55
22, 4355, 768, 55
23, 4306, 845, 56
24, 4229, 928, 56
25, 4139, 1028, 56
26, 4034, 1135, 57
27, 3956, 1257, 57
28, 3834, 1397, 57
29, 3726, 1554, 57
30, 3608, 1753, 58
31, 3496, 1971, 58
32, 3375, 2208, 58
33, 3259, 2452, 58
34, 3119, 2688, 58
35, 3008, 2934, 59
36, 2880, 3198, 59
37, 2760, 3470, 60
38, 2637, 3761, 60
39, 2488, 4041, 60
40, 2327, 4319, 60
41, 2203, 4583, 61
42, 2072, 4852, 62
43, 1935, 5134, 63
44, 1827, 5414, 63
45, 1717, 5689, 64
46, 1598, 5964, 65
47, 1485, 6242, 65
48, 1355, 6486, 65
49, 1240, 6747, 66
50, 1158, 6968, 67
51, 1070, 7208, 68
52, 980, 7372, 69
53, 890, 7515, 72
54, 812, 7646, 72
55, 760, 7757, 74
56, 685, 7841, 76
57, 644, 7830, 77
58, 607, 7805, 77
59, 567, 7779, 76
60, 520, 7705, 76
61, 463, 7660, 76
62, 443, 7590, 76
63, 420, 7437, 76
64, 399, 7302, 76
65, 378, 7126, 76
66, 376, 6991, 75
67, 357, 6860, 75
68, 360, 6694, 74
69, 365, 6507, 73
70, 370, 6345, 75
71, 367, 6186, 74
72, 367, 6007, 73
73, 375, 5781, 71
74, 379, 5612, 72
75, 392, 5435, 72
76, 395, 5237, 72
77, 386, 5061, 72
78, 402, 4929, 73
79, 414, 4776, 73
80, 423, 4655, 74
81, 410, 4502, 74
82, 416, 4402, 74
83, 422, 4321, 75
84, 438, 4241, 77
85, 448, 4187, 78
86, 448, 4088, 80
87, 450, 4033, 81
88, 433, 3975, 83
89, 447, 3910, 84
90, 454, 3854, 85
91, 466, 3812, 85
92, 474, 3761, 87
93, 474, 3711, 89
94, 478, 3687, 89
95, 477, 3670, 89
96, 475, 3651, 90
97, 482, 3617, 91
98, 493, 3582, 93
99, 510, 3548, 95
100, 507, 3527, 98
101, 503, 3527, 98
102, 498, 3516, 102
103, 495, 3501, 108
104, 488, 3518, 114
105, 494, 3522, 118
106, 478, 3531, 124
107, 490, 3509, 132
108, 485, 3546, 139
109, 497, 3556, 147
110, 501, 3596, 156
111, 487, 3595, 166
112, 489, 3593, 176
113, 486, 3609, 187
114, 496, 3609, 205
115, 489, 3635, 220
116, 485, 3686, 235
117, 473, 3698, 250
118, 471, 3701, 263
119, 493, 3701, 277
120, 498, 3710, 289
121, 473, 3708, 305
122, 466, 3729, 316
123, 472, 3734, 325
124, 478, 3729, 337
125, 462, 3758, 343
126, 495, 3737, 348
127, 498, 3729, 353
128, 512, 3709, 358
129, 523, 3706, 368
130, 509, 3687, 374
131, 537, 3685, 391
132, 551, 3677, 395
133, 542, 3660, 405
134, 533, 3612, 414
135, 530, 3606, 426
136, 527, 3550, 440
137, 544, 3518, 460
138, 556, 3492, 483
139, 538, 3519, 520
140, 541, 3520, 556
141, 547, 3521, 573
142, 567, 3523, 597
143, 580, 3499, 625
144, 567, 3484, 647
145, 585, 3478, 678
146, 592, 3470, 708
147, 589, 3462, 727
148, 612, 3454, 753
149, 621, 3460, 767
150, 621, 3452, 783
151, 623, 3447, 793
152, 605, 3463, 798
153, 627, 3466, 809
154, 641, 3472, 823
155, 655, 3470, 831
156, 668, 3464, 843
157, 678, 3446, 868
158, 704, 3442, 884
159, 725, 3408, 903
160, 711, 3378, 916
161, 733, 3358, 928
162, 746, 3342, 949
163, 759, 3326, 971
164, 780, 3305, 978
165, 791, 3293, 993
166, 796, 3267, 1025
167, 800, 3236, 1046
168, 833, 3191, 1059
169, 834, 3173, 1088
170, 846, 3136, 1124
171, 863, 3087, 1168
172, 874, 3013, 1214
173, 871, 2978, 1258
174, 895, 2905, 1316
175, 938, 2841, 1385
176, 963, 2778, 1456
177, 996, 2732, 1529
178, 1017, 2653, 1632
179, 1038, 2593, 1730
180, 1064, 2523, 1825
181, 1082, 2461, 1932
182, 1103, 2418, 2046
183, 1135, 2358, 2150
184, 1171, 2312, 2275
185, 1198, 2281, 2391
186, 1213, 2237, 2506
187, 1231, 2196, 2591
188, 1272, 2166, 2688
189, 1314, 2136, 2813
190, 1343, 2093, 2910
191, 1368, 2087, 3032
192, 1400, 2036, 3142
193, 1445, 1993, 3226
194, 1480, 1943, 3294
195, 1513, 1904, 3367
196, 1551, 1865, 3441
197, 1596, 1807, 3486
198, 1667, 1758, 3543
199, 1728, 1698, 3607
200, 1780, 1630, 3618
201, 1829, 1587, 3640
202, 1903, 1541, 3669
203, 1950, 1482, 3714
204, 2021, 1411, 3761
205, 2081, 1335, 3812
206, 2154, 1277, 3867
207, 2251, 1222, 3916
208, 2321, 1164, 3943
209, 2406, 1092, 3975
210, 2486, 1010, 4021
211, 2568, 949, 4011
212, 2626, 907, 4033
213, 2691, 859, 4014
214, 2778, 834, 3990
215, 2855, 774, 3945
216, 2928, 738, 3939
217, 2994, 714, 3904
218, 3071, 683, 3843
219, 3162, 654, 3792
220, 3253, 624, 3745
221, 3336, 611, 3683
222, 3408, 598, 3656
223, 3478, 596, 3597
224, 3553, 584, 3527
225, 3617, 579, 3436
226, 3692, 585, 3351
227, 3775, 605, 3241
228, 3836, 633, 3134
229, 3889, 648, 3041
230, 3939, 675, 2918
231, 3982, 707, 2795
232, 4028, 742, 2655
233, 4066, 794, 2507
234, 4099, 844, 2392
235, 4132, 907, 2256
236, 4160, 964, 2126
237, 4195, 1026, 2046
238, 4244, 1089, 1956
239, 4239, 1163, 1877
240, 4238, 1234, 1803
241, 4249, 1308, 1721
242, 4254, 1383, 1641
243, 4248, 1464, 1567
244, 4237, 1540, 1497
245, 4214, 1618, 1411
246, 4209, 1680, 1318
247, 4191, 1749, 1234
248, 4171, 1807, 1173
249, 4147, 1880, 1099
250, 4111, 1933, 1028
251, 4092, 2008, 974
252, 4058, 2060, 912
253, 4043, 2127, 863
254, 4015, 2171, 833
255, 3978, 2269, 807
256, 3934, 2349, 783
257, 3882, 2419, 772
258, 3867, 2504, 763
259, 3823, 2570, 775
260, 3783, 2610, 799
261, 3738, 2665, 811
262, 3692, 2722, 826
263, 3649, 2761, 835
264, 3602, 2774, 850
265, 3555, 2740, 872
266, 3495, 2714, 891
267, 3479, 2729, 906
268, 3411, 2751, 937
269, 3340, 2750, 956
270, 3307, 2737, 973
271, 3259, 2702, 1003
272, 3201, 2689, 1017
273, 3132, 2732, 1037
274, 3079, 2775, 1061
275, 3020, 2783, 1088
276, 2964, 2821, 1088
277, 2910, 2852, 1095
278, 2853, 2897, 1098
279, 2783, 2926, 1107
280, 2721, 2930, 1111
281, 2668, 2961, 1114
282, 2602, 2964, 1123
283, 2569, 2993, 1117
284, 2510, 2991, 1112
285, 2430, 2981, 1134
286, 2380, 2987, 1142
287, 2328, 3015, 1167
288, 2273, 3040, 1193
289, 2210, 3030, 1203
290, 2126, 3040, 1219
291, 2048, 3027, 1240
292, 1976, 3007, 1258
293, 1924, 3001, 1278
294, 1853, 2999, 1299
295, 1783, 3028, 1321
296, 1741, 3005, 1320
297, 1668, 3015, 1309
298, 1615, 3003, 1294
299, 1548, 3003, 1260
300, 1499, 3026, 1232
301, 1443, 3044, 1213
302, 1387, 3096, 1205
303, 1356, 3154, 1176
304, 1309, 3193, 1159
305, 1270, 3220, 1140
306, 1234, 3253, 1121
307, 1189, 3309, 1103
308, 1161, 3350, 1084
309, 1132, 3373, 1068
310, 1108, 3399, 1061
311, 1075, 3395, 1060
312, 1056, 3362, 1059
313, 1004, 3360, 1048
314, 993, 3324, 1075
315, 948, 3303, 1074
316, 905, 3267, 1078
317, 874, 3219, 1092
318, 845, 3187, 1110
319, 839, 3163, 1114
320, 795, 3132, 1120
321, 812, 3115, 1121
322, 800, 3080, 1133
323, 790, 3058, 1140
324, 783, 3022, 1138
325, 763, 2987, 1146
326, 761, 2971, 1153
327, 740, 2953, 1144
328, 740, 2955, 1133
329, 748, 2955, 1137
330, 739, 2921, 1137
331, 724, 2892, 1137
332, 726, 2890, 1136
333, 727, 2864, 1123
334, 733, 2822, 1096
335, 750, 2801, 1071
336, 739, 2738, 1048
337, 770, 2704, 1021
338, 764, 2684, 985
339, 749, 2639, 967
340, 735, 2614, 954
341, 748, 2592, 934
342, 748, 2558, 905
343, 761, 2533, 896
344, 740, 2525, 894
345, 732, 2487, 883
346, 725, 2473, 875
347, 742, 2456, 878
348, 746, 2475, 863
349, 730, 2461, 848
350, 731, 2460, 844
351, 743, 2428, 812
352, 753, 2392, 808
353, 762, 2363, 790
354, 747, 2351, 776
355, 759, 2340, 766
356, 765, 2321, 745
357, 760, 2310, 727
358, 754, 2313, 701
359, 759, 2305, 684
360, 751, 2318, 663
361, 771, 2336, 663
362, 758, 2350, 649
363, 765, 2357, 647
364, 783, 2362, 634
365, 768, 2366, 626
366, 762, 2370, 619
367, 751, 2381, 606
368, 759, 2402, 598
369, 749, 2402, 589
370, 758, 2394, 585
371, 753, 2386, 574
372, 763, 2398, 569
373, 760, 2398, 566
374, 765, 2394, 564
375, 773, 2415, 557
376, 760, 2413, 543
377, 748, 2432, 540
378, 745, 2439, 539
379, 751, 2456, 534
380, 753, 2452, 539
381, 763, 2448, 533
382, 739, 2446, 528
383, 725, 2461, 524
384, 725, 2467, 520
385, 709, 2463, 523
386, 704, 2492, 525
387, 719, 2486, 521
388, 721, 2475, 526
389, 696, 2469, 523
390, 688, 2483, 517
391, 695, 2504, 518
392, 677, 2512, 533
393, 679, 2514, 535
394, 690, 2540, 542
395, 689, 2525, 549
396, 679, 2529, 558
397, 680, 2549, 567
398, 677, 2557, 575
399, 677, 2552, 584
400, 694, 2560, 591
401, 687, 2535, 595
402, 683, 2546, 597
403, 667, 2554, 594
404, 659, 2556, 598
405, 649, 2530, 595
406, 656, 2521, 606
407, 662, 2511, 607
408, 665, 2497, 624
409, 691, 2475, 640
410, 707, 2469, 641
411, 730, 2440, 641
412, 748, 2438, 653
413, 745, 2411, 663
414, 758, 2381, 661
415, 772, 2373, 661
416, 778, 2329, 662
417, 770, 2324, 670
418, 759, 2324, 664
419, 759, 2323, 671
420, 784, 2329, 673
421, 797, 2297, 671
422, 807, 2281, 681
423, 796, 2255, 687
424, 799, 2236, 690
425, 799, 2212, 693
426, 807, 2209, 683
427, 793, 2213, 678
428, 802, 2214, 671
429, 808, 2193, 672
430, 803, 2175, 678
431, 809, 2150, 673
432, 806, 2147, 676
433, 823, 2163, 674
434, 816, 2170, 672
435, 822, 2162, 682
436, 813, 2173, 678
437, 824, 2161, 682
438, 821, 2172, 692
439, 849, 2171, 698
440, 861, 2180, 695
441, 847, 2204, 689
442, 840, 2217, 686
443, 826, 2230, 692
444, 813, 2249, 690
445, 819, 2246, 687
446, 805, 2256, 677
447, 822, 2272, 672
448, 811, 2281, 670
449, 817, 2294, 668
450, 819, 2310, 657
451, 821, 2296, 650
452, 821, 2304, 636
453, 825, 2317, 626
454, 827, 2335, 625
455, 822, 2334, 606
456, 827, 2330, 601
457, 823, 2326, 588
458, 822, 2317, 586
459, 813, 2344, 588
460, 803, 2334, 586
461, 809, 2343, 590
462, 789, 2358, 588
463, 774, 2365, 595
464, 768, 2379, 593
465, 777, 2381, 592
466, 784, 2369, 600
467, 776, 2354, 607
468, 783, 2332, 622
469, 797, 2319, 637
470, 793, 2290, 649
471, 787, 2293, 669
472, 779, 2299, 680
473, 786, 2290, 693
474, 780, 2293, 706
475, 797, 2295, 715
476, 808, 2323, 739
477, 795, 2331, 750
478, 792, 2317, 756
479, 794, 2313, 763
480, 801, 2310, 759
481, 787, 2343, 749
482, 776, 2359, 731
483, 773, 2352, 713
484, 754, 2350, 703
485, 779, 2344, 694
486, 780, 2350, 696
487, 780, 2340, 680
488, 783, 2340, 682
489, 778, 2336, 671
490, 752, 2336, 669
491, 751, 2346, 657
492, 747, 2346, 654
493, 746, 2362, 656
494, 749, 2355, 660
495, 752, 2351, 658
496, 744, 2349, 661
497, 741, 2356, 670
498, 759, 2344, 674
499, 767, 2327, 685
500, 772, 2324, 690
501, 784, 2292, 687
502, 781, 2302, 688
503, 794, 2303, 691
504, 776, 2320, 690
505, 779, 2299, 690
506, 790, 2292, 693
507, 783, 2289, 690
508, 807, 2267, 688
509, 792, 2275, 685
510, 788, 2264, 677
511, 791, 2255, 667
512, 809, 2266, 656
513, 808, 2262, 642
514, 805, 2255, 629
515, 788, 2264, 607
516, 804, 2290, 600
517, 812, 2303, 590
518, 792, 2305, 573
519, 802, 2329, 575
520, 779, 2349, 563
521, 802, 2363, 562
522, 790, 2368, 559
523, 786, 2358, 558
524, 777, 2360, 567
525, 775, 2346, 563
526, 768, 2336, 561
527, 760, 2321, 550
528, 751, 2334, 544
529, 756, 2311, 538
530, 734, 2311, 525
531, 743, 2300, 521
532, 750, 2297, 512
533, 757, 2302, 510
534, 761, 2302, 497
535, 742, 2286, 500
536, 740, 2281, 505
537, 737, 2274, 508
538, 730, 2276, 519
539, 744, 2294, 522
540, 745, 2260, 516
541, 757, 2277, 524
542, 745, 2296, 516
543, 752, 2298, 515
544, 749, 2302, 518
545, 738, 2303, 516
546, 748, 2302, 513
547, 740, 2296, 497
548, 735, 2308, 489
549, 731, 2321, 468
550, 741, 2343, 460
551, 738, 2337, 445
552, 734, 2359, 432
553, 745, 2387, 423
554, 740, 2396, 414
555, 743, 2424, 404
556, 723, 2469, 396
557, 727, 2483, 390
558, 734, 2499, 385
559, 730, 2499, 381
560, 722, 2501, 378
561, 739, 2494, 375
562, 726, 2523, 370
563, 723, 2525, 359
564, 713, 2523, 354
565, 726, 2521, 345
566, 719, 2517, 344
567, 716, 2517, 335
568, 699, 2523, 336
569, 707, 2526, 337
570, 712, 2527, 333
571, 715, 2519, 323
572, 697, 2508, 319
573, 698, 2503, 317
574, 684, 2483, 322
575, 695, 2459, 320
576, 697, 2463, 314
577, 685, 2470, 315
578, 682, 2470, 316
579, 683, 2474, 327
580, 691, 2477, 329
581, 702, 2460, 333
582, 687, 2465, 330
583, 698, 2477, 335
584, 693, 2496, 335
585, 672, 2501, 334
586, 676, 2530, 333
587, 678, 2535, 338
588, 685, 2528, 340
589, 673, 2529, 335
590, 665, 2541, 328
591, 670, 2534, 320
592, 685, 2538, 324
593, 704, 2525, 326
594, 689, 2500, 333
595, 679, 2497, 334
596, 666, 2474, 335
597, 685, 2451, 338
598, 682, 2446, 332
599, 688, 2449, 325
600, 692, 2429, 330
601, 688, 2401, 331
602, 703, 2380, 331
603, 692, 2364, 334
604, 722, 2342, 339
605, 722, 2342, 339
606, 726, 2315, 341
607, 710, 2313, 342
608, 725, 2310, 340
609, 741, 2299, 337
610, 730, 2299, 332
611, 738, 2300, 321
612, 736, 2310, 318
613, 752, 2318, 314
614, 736, 2339, 315
615, 721, 2361, 312
616, 734, 2382, 303
617, 716, 2375, 299
618, 712, 2392, 290
619, 701, 2403, 286
620, 689, 2389, 283
621, 698, 2429, 288
622, 720, 2446, 289
623, 712, 2475, 294
624, 695, 2498, 291
625, 707, 2500, 297
626, 705, 2510, 301
627, 698, 2517, 301
628, 690, 2522, 310
629, 665, 2518, 314
630, 673, 2496, 319
631, 688, 2491, 325
632, 670, 2469, 329
633, 676, 2448, 332
634, 683, 2433, 336
635, 693, 2405, 337
636, 705, 2416, 339
637, 703, 2422, 341
638, 709, 2398, 340
639, 705, 2392, 339
640, 708, 2380, 338
641, 700, 2396, 331
642, 713, 2385, 323
643, 721, 2389, 319
644, 734, 2389, 314
645, 738, 2388, 313
646, 756, 2400, 315
647, 752, 2406, 309
648, 751, 2391, 303
649, 745, 2391, 300
650, 718, 2404, 299
651, 737, 2416, 301
652, 724, 2406, 300
653, 731, 2389, 308
654, 735, 2377, 312
655, 760, 2362, 316
656, 750, 2341, 313
657, 736, 2354, 318
658, 739, 2366, 330
659, 729, 2379, 332
660, 717, 2399, 332
661, 739, 2387, 338
662, 726, 2395, 340
663, 728, 2405, 344
664, 749, 2415, 343
665, 737, 2422, 347
666, 735, 2431, 350
667, 753, 2448, 352
668, 751, 2440, 351
669, 720, 2448, 345
670, 719, 2452, 339
671, 699, 2453, 340
672, 704, 2462, 341
673, 698, 2464, 336
674, 687, 2467, 340
675, 670, 2486, 334
676, 675, 2494, 329
677, 680, 2491, 329
678, 669, 2491, 322
679, 686, 2476, 322
680, 682, 2466, 315
681, 704, 2450, 318
682, 708, 2431, 322
683, 696, 2409, 313
684, 707, 2394, 310
685, 715, 2380, 307
686, 727, 2372, 313
687, 727, 2374, 311
688, 718, 2367, 313
689, 716, 2385, 312
690, 712, 2395, 309
691, 712, 2389, 304
692, 716, 2400, 295
693, 718, 2411, 288
694, 708, 2433, 278
695, 713, 2437, 274
696, 704, 2441, 267
697, 697, 2428, 263
698, 723, 2423, 267
699, 712, 2420, 268
700, 708, 2431, 266
701, 691, 2416, 263
702, 688, 2409, 258
703, 687, 2423, 258
704, 701, 2436, 254
705, 695, 2427, 258
706, 689, 2417, 267
707, 689, 2412, 273
708, 684, 2421, 272
709, 698, 2431, 277
710, 687, 2433, 280
711, 698, 2436, 287
712, 696, 2435, 292
713, 688, 2437, 297
714, 688, 2453, 301
715, 689, 2468, 310
716, 688, 2473, 310
717, 670, 2449, 316
718, 702, 2449, 314
719, 699, 2451, 323
720, 706, 2437, 329
721, 726, 2440, 334
722, 719, 2420, 333
723, 702, 2409, 337
724, 693, 2400, 339
725, 701, 2408, 348
726, 701, 2390, 357
727, 713, 2390, 361
728, 730, 2393, 352
729, 722, 2397, 360
730, 723, 2420, 360
731, 729, 2418, 358
732, 720, 2403, 353
733, 711, 2405, 349
734, 687, 2429, 346
735, 698, 2440, 340
736, 706, 2459, 336
737, 723, 2464, 333
738, 719, 2457, 337
739, 722, 2463, 335
740, 707, 2463, 334
741, 685, 2467, 337
742, 679, 2467, 338
743, 692, 2450, 338
744, 707, 2420, 345
745, 701, 2412, 353
746, 702, 2402, 356
747, 715, 2371, 357
748, 702, 2370, 364
749, 704, 2361, 372
750, 730, 2375, 375
751, 721, 2362, 382
752, 722, 2375, 383
753, 725, 2360, 379
754, 725, 2381, 374
755, 731, 2351, 373
756, 719, 2348, 367
757, 703, 2343, 361
758, 694, 2344, 352
759, 708, 2364, 351
760, 706, 2383, 337
761, 695, 2407, 332
762, 696, 2387, 324
763, 707, 2390, 325
764, 698, 2391, 323
765, 701, 2417, 322
766, 717, 2437, 317
767, 721, 2446, 316
768, 693, 2444, 312
769, 695, 2450, 317
770, 691, 2450, 317
771, 686, 2455, 319
772, 690, 2459, 316
773, 689, 2463, 315
774, 698, 2482, 317
775, 703, 2473, 320
776, 725, 2465, 319
777, 726, 2458, 321
778, 732, 2435, 325
779, 695, 2422, 328
780, 682, 2429, 332
781, 696, 2437, 334
782, 683, 2456, 332
783, 702, 2423, 329
784, 714, 2425, 325
785, 714, 2439, 332
786, 716, 2439, 337
787, 713, 2456, 339
788, 707, 2444, 342
789, 705, 2443, 354
790, 705, 2421, 356
791, 712, 2434, 355
792, 712, 2428, 350
793, 707, 2416, 346
794, 698, 2383, 338
795, 704, 2373, 328
796, 723, 2359, 332
797, 740, 2351, 331
798, 759, 2368, 333
799, 758, 2363, 336
800, 753, 2354, 334
801, 744, 2358, 336
802, 716, 2347, 336
803, 695, 2336, 332
804, 692, 2347, 328
805, 687, 2377, 326
806, 702, 2395, 327
807, 697, 2382, 328
808, 706, 2387, 327
809, 703, 2397, 325
810, 716, 2409, 325
811, 711, 2414, 329
812, 699, 2409, 330
813, 695, 2408, 326
814, 711, 2423, 330
815, 713, 2430, 331
816, 700, 2425, 330
817, 690, 2418, 335
818, 694, 2387, 332
819, 686, 2397, 333
820, 676, 2408, 321
821, 675, 2453, 323
822, 664, 2467, 316
823, 672, 2468, 314
824, 681, 2476, 308
825, 667, 2487, 306
826, 664, 2486, 306
827, 682, 2484, 303
828, 689, 2489, 300
829, 672, 2487, 303
830, 684, 2478, 301
831, 697, 2465, 295
832, 694, 2421, 291
833, 732, 2427, 292
834, 722, 2429, 289
835, 738, 2434, 295
836, 687, 2427, 299
837, 689, 2413, 302
838, 718, 2410, 304
839, 706, 2415, 304
840, 720, 2398, 308
841, 699, 2390, 306
842, 696, 2390, 311
843, 700, 2406, 315
844, 708, 2402, 318
845, 707, 2417, 317
846, 688, 2440, 317
847, 688, 2463, 320
848, 673, 2498, 318
849, 688, 2508, 315
850, 706, 2527, 311
851, 692, 2523, 305
852, 698, 2527, 297
853, 703, 2535, 295
854, 704, 2521, 293
855, 714, 2531, 292
856, 695, 2544, 288
857, 686, 2545, 289
858, 698, 2563, 289
859, 702, 2572, 287
860, 703, 2566, 286
861, 700, 2550, 282
862, 694, 2562, 282
863, 695, 2534, 284
864, 696, 2518, 282
865, 702, 2491, 287
866, 694, 2453, 290
867, 692, 2437, 294
868, 687, 2423, 296
869, 686, 2400, 296
870, 694, 2400, 291
871, 700, 2407, 294
872, 672, 2391, 298
873, 689, 2397, 299
874, 703, 2428, 300
875, 705, 2461, 306
876, 701, 2471, 304
877, 691, 2487, 313
878, 684, 2486, 313
879, 702, 2510, 312
880, 717, 2506, 315
881, 713, 2508, 320
882, 727, 2491, 320
883, 703, 2491, 315
884, 690, 2480, 313
885, 681, 2471, 311
886, 698, 2451, 315
887, 691, 2425, 314
888, 702, 2437, 315
889, 724, 2449, 319
890, 715, 2444, 317
891, 724, 2442, 321
892, 716, 2430, 324
893, 722, 2416, 325
894, 716, 2408, 325
895, 704, 2400, 324
896, 709, 2397, 323
897, 710, 2383, 324
898, 711, 2384, 335
899, 720, 2411, 333
900, 717, 2409, 335
901, 708, 2422, 343
902, 708, 2429, 345
903, 709, 2438, 349
904, 710, 2463, 352
905, 689, 2482, 349
906, 706, 2468, 352
907, 707, 2482, 353
908, 711, 2452, 356
909, 725, 2453, 354
910, 720, 2438, 353
911, 724, 2423, 348
912, 716, 2408, 353
913, 716, 2390, 350
914, 736, 2386, 355
915, 720, 2378, 356
916, 710, 2383, 364
917, 731, 2389, 366
918, 738, 2382, 369
919, 725, 2390, 362
920, 724, 2387, 364
921, 716, 2396, 365
922, 697, 2430, 366
923, 712, 2451, 356
924, 710, 2444, 356
925, 703, 2457, 358
926, 726, 2470, 354
927, 708, 2488, 355
928, 697, 2499, 347
929, 704, 2496, 350
930, 713, 2489, 343
931, 724, 2469, 345
932, 732, 2455, 352
933, 738, 2433, 354
934, 726, 2406, 355
935, 727, 2385, 359
936, 728, 2351, 361
937, 715, 2320, 369
938, 722, 2308, 372
939, 718, 2305, 372
940, 714, 2307, 366
941, 731, 2297, 371
942, 715, 2315, 377
943, 724, 2322, 376
944, 731, 2333, 378
945, 739, 2353, 383
946, 741, 2363, 385
947, 745, 2377, 385
948, 729, 2394, 386
949, 734, 2411, 386
950, 705, 2416, 389
951, 707, 2397, 388
952, 716, 2396, 387
953, 722, 2396, 383
954, 706, 2406, 381
955, 690, 2413, 386
956, 680, 2413, 384
957, 687, 2441, 386
958, 684, 2452, 385
959, 694, 2475, 380
960, 701, 2483, 380
961, 710, 2489, 387
962, 714, 2489, 390
963, 705, 2453, 385
964, 716, 2460, 383
965, 714, 2443, 384
966, 700, 2448, 385
967, 730, 2428, 389
968, 717, 2398, 392
969, 702, 2395, 396
970, 735, 2390, 407
971, 743, 2392, 411
972, 742, 2375, 419
973, 735, 2371, 423
974, 752, 2381, 430
975, 746, 2388, 437
976, 728, 2398, 444
977, 734, 2390, 447
978, 714, 2383, 446
979, 715, 2369, 441
980, 722, 2363, 431
981, 708, 2363, 427
982, 711, 2370, 420
983, 705, 2376, 411
984, 707, 2393, 413
985, 707, 2399, 415
986, 709, 2401, 419
987, 718, 2429, 425
988, 694, 2429, 431
989, 685, 2427, 438
990, 691, 2443, 441
991, 724, 2459, 447
992, 723, 2443, 458
993, 717, 2432, 461
994, 709, 2442, 455
995, 720, 2421, 452
996, 708, 2408, 453
997, 711, 2396, 454
998, 690, 2403, 466
999, 692, 2380, 482
1000, 690, 2379, 495
1001, 697, 2385, 497
1002, 692, 2388, 499
1003, 703, 2393, 503
1004, 719, 2369, 506
1005, 713, 2358, 512
1006, 712, 2352, 506
1007, 724, 2345, 507
1008, 720, 2324, 508
1009, 714, 2331, 509
1010, 722, 2322, 504
1011, 728, 2317, 497
1012, 734, 2308, 490
1013, 724, 2293, 483
1014, 727, 2304, 480
1015, 733, 2316, 477
1016, 733, 2317, 473
1017, 723, 2315, 476
1018, 737, 2309, 460
1019, 723, 2299, 454
1020, 743, 2311, 444
1021, 761, 2304, 443
1022, 750, 2314, 438
1023, 752, 2324, 444
1024, 748, 2328, 437
1025, 754, 2337, 436
1026, 740, 2350, 429
1027, 741, 2382, 418
1028, 741, 2390, 418
1029, 739, 2391, 415
1030, 731, 2379, 410
1031, 733, 2403, 402
1032, 729, 2409, 403
1033, 742, 2402, 392
1034, 747, 2389, 390
1035, 714, 2397, 382
1036, 706, 2414, 379
1037, 708, 2417, 376
1038, 696, 2420, 379
1039, 677, 2425, 373
1040, 695, 2412, 369
1041, 699, 2411, 374
1042, 704, 2425, 376
1043, 702, 2432, 377
1044, 708, 2422, 380
1045, 698, 2431, 386
1046, 696, 2437, 387
1047, 692, 2452, 387
1048, 693, 2440, 398
1049, 684, 2459, 408
1050, 690, 2446, 413
1051, 714, 2452, 419
1052, 706, 2468, 434
1053, 693, 2471, 442
1054, 708, 2486, 446
1055, 713, 2464, 449
1056, 711, 2473, 458
1057, 711, 2460, 464
1058, 709, 2462, 467
1059, 704, 2446, 462
1060, 695, 2429, 455
1061, 681, 2407, 444
1062, 685, 2411, 440
1063, 687, 2408, 437
1064, 692, 2391, 438
1065, 706, 2372, 436
1066, 705, 2357, 436
1067, 700, 2340, 433
1068, 699, 2315, 429
1069, 691, 2299, 433
1070, 695, 2298, 433
1071, 686, 2297, 440
1072, 711, 2298, 451
1073, 722, 2323, 445
1074, 726, 2352, 435
1075, 726, 2353, 428
1076, 723, 2363, 425
1077, 740, 2367, 420
1078, 736, 2383, 414
1079, 742, 2407, 405
1080, 745, 2418, 406
1081, 742, 2432, 392
1082, 717, 2451, 378
1083, 717, 2455, 374
1084, 715, 2457, 371
1085, 721, 2447, 375
1086, 731, 2429, 375
1087, 724, 2414, 369
1088, 714, 2403, 368
1089, 727, 2401, 367
1090, 703, 2407, 367
1091, 683, 2383, 368
1092, 688, 2382, 365
1093, 678, 2389, 363
1094, 693, 2408, 364
1095, 691, 2410, 362
1096, 701, 2424, 360
1097, 726, 2423, 353
1098, 709, 2440, 349
1099, 723, 2472, 354
1100, 721, 2460, 363
1101, 727, 2482, 359
1102, 712, 2503, 360
1103, 716, 2497, 353
1104, 724, 2510, 357
1105, 724, 2491, 359
1106, 711, 2477, 357
1107, 704, 2448, 358
1108, 724, 2452, 358
1109, 709, 2418, 354
1110, 704, 2396, 356
1111, 702, 2398, 354
1112, 707, 2401, 351
1113, 706, 2389, 348
1114, 694, 2374, 347
1115, 690, 2400, 347
1116, 715, 2384, 349
1117, 695, 2392, 354
1118, 689, 2405, 352
1119, 672, 2408, 357
1120, 672, 2415, 356
1121, 682, 2413, 359
1122, 711, 2411, 354
1123, 733, 2415, 354
1124, 732, 2385, 357
1125, 729, 2355, 366
1126, 739, 2355, 366
1127, 738, 2335, 365
1128, 743, 2342, 369
1129, 741, 2335, 376
1130, 739, 2334, 381
1131, 741, 2356, 379
1132, 763, 2363, 383
1133, 742, 2371, 384
1134, 735, 2383, 390
1135, 722, 2389, 386
1136, 740, 2389, 387
1137, 728, 2394, 388
1138, 728, 2404, 386
1139, 719, 2416, 390
1140, 734, 2389, 393
1141, 715, 2403, 398
1142, 739, 2405, 385
1143, 725, 2435, 375
1144, 729, 2459, 375
1145, 708, 2453, 366
1146, 732, 2478, 368
1147, 716, 2488, 371
1148, 677, 2519, 373
1149, 679, 2513, 378
1150, 672, 2531, 379
1151, 671, 2538, 377
1152, 661, 2538, 371
1153, 668, 2509, 374
1154, 676, 2508, 371
1155, 688, 2505, 368
1156, 662, 2503, 367
1157, 667, 2474, 361
1158, 666, 2453, 367
1159, 676, 2467, 373
1160, 657, 2457, 378
1161, 663, 2447, 379
1162, 665, 2441, 387
1163, 709, 2419, 385
1164, 711, 2423, 380
1165, 719, 2379, 381
1166, 717, 2371, 391
1167, 700, 2350, 392
1168, 712, 2364, 398
1169, 723, 2356, 406
1170, 730, 2339, 410
1171, 732, 2320, 419
1172, 735, 2312, 416
1173, 719, 2343, 416
1174, 738, 2342, 414
1175, 736, 2350, 418
1176, 734, 2349, 424
1177, 722, 2320, 430
1178, 718, 2299, 441
1179, 717, 2302, 436
1180, 727, 2298, 446
1181, 728, 2306, 444
1182, 748, 2287, 449
1183, 735, 2281, 451
1184, 746, 2263, 453
1185, 753, 2265, 458
1186, 750, 2286, 454
1187, 764, 2293, 450
1188, 760, 2315, 452
1189, 741, 2311, 453
1190, 741, 2301, 447
1191, 747, 2321, 450
1192, 725, 2349, 458
1193, 727, 2354, 464
1194, 722, 2344, 467
1195, 726, 2361, 464
1196, 746, 2358, 465
1197, 766, 2356, 464
1198, 764, 2388, 457
1199, 730, 2395, 454
1200, 743, 2405, 454
1201, 744, 2404, 455
1202, 727, 2411, 456
1203, 728, 2404, 450
1204, 732, 2420, 446
1205, 739, 2429, 448
1206, 725, 2394, 448
1207, 737, 2397, 459
1208, 744, 2393, 471
1209, 759, 2364, 477
1210, 759, 2341, 489
1211, 765, 2331, 494
1212, 748, 2307, 508
1213, 725, 2307, 523
1214, 736, 2324, 539
1215, 714, 2340, 552
1216, 699, 2350, 560
1217, 687, 2335, 560
1218, 680, 2341, 555
1219, 693, 2363, 551
1220, 697, 2365, 545
1221, 706, 2381, 529
1222, 726, 2358, 520
1223, 743, 2365, 512
1224, 730, 2370, 506
1225, 713, 2377, 502
1226, 727, 2356, 502
1227, 735, 2366, 500
1228, 746, 2348, 497
1229, 756, 2346, 488
1230, 767, 2363, 489
1231, 779, 2342, 487
1232, 784, 2328, 485
1233, 781, 2323, 482
1234, 772, 2350, 485
1235, 763, 2350, 486
1236, 757, 2329, 488
1237, 761, 2314, 486
1238, 751, 2310, 489
1239, 746, 2316, 481
1240, 737, 2325, 474
1241, 751, 2327, 467
1242, 765, 2329, 456
1243, 772, 2311, 443
1244, 751, 2300, 441
1245, 748, 2302, 430
1246, 753, 2319, 414
1247, 736, 2333, 402
1248, 735, 2364, 388
1249, 735, 2367, 380
1250, 737, 2375, 371
1251, 734, 2373, 367
1252, 737, 2407, 362
1253, 716, 2442, 357
1254, 728, 2456, 349
1255, 750, 2470, 349
1256, 735, 2453, 341
1257, 748, 2484, 331
1258, 724, 2491, 326
1259, 718, 2502, 325
1260, 713, 2512, 317
1261, 695, 2543, 315
1262, 675, 2567, 315
1263, 682, 2558, 314
1264, 693, 2548, 311
1265, 709, 2537, 313
1266, 709, 2527, 314
1267, 707, 2509, 316
1268, 704, 2495, 317
1269, 708, 2491, 317
1270, 703, 2462, 317
1271, 695, 2458, 318
1272, 712, 2435, 311
1273, 721, 2419, 311
1274, 716, 2407, 310
1275, 709, 2402, 314
1276, 742, 2405, 319
1277, 732, 2407, 325
1278, 721, 2412, 326
1279, 720, 2413, 327
1280, 722, 2419, 327
1281, 698, 2430, 333
1282, 699, 2438, 337
1283, 697, 2486, 337
1284, 703, 2473, 338
1285, 719, 2507, 334
1286, 719, 2512, 338
1287, 700, 2521, 334
1288, 716, 2540, 334
1289, 708, 2534, 336
1290, 690, 2527, 332
1291, 692, 2509, 326
1292, 699, 2533, 322
1293, 730, 2521, 325
1294, 718, 2512, 323
1295, 710, 2490, 317
1296, 708, 2477, 319
1297, 707, 2450, 320
1298, 686, 2449, 316
1299, 672, 2434, 311
1300, 682, 2441, 311
1301, 688, 2444, 303
1302, 712, 2431, 298
1303, 679, 2438, 298
1304, 698, 2434, 290
1305, 693, 2443, 283
1306, 700, 2435, 276
1307, 714, 2437, 273
1308, 705, 2435, 272
1309, 718, 2444, 268
1310, 729, 2449, 259
1311, 706, 2451, 249
1312, 701, 2450, 242
1313, 694, 2465, 242
1314, 695, 2439, 237
1315, 705, 2434, 235
1316, 700, 2439, 236
1317, 717, 2435, 241
1318, 717, 2443, 245
1319, 729, 2412, 248
1320, 723, 2411, 256
1321, 715, 2439, 256
1322, 707, 2425, 263
1323, 718, 2429, 265
1324, 717, 2410, 269
1325, 721, 2394, 273
1326, 729, 2394, 280
1327, 735, 2390, 288
1328, 739, 2376, 296
1329, 727, 2380, 294
1330, 741, 2364, 294
1331, 751, 2353, 300
1332, 743, 2341, 302
1333, 745, 2337, 303
1334, 730, 2330, 308
1335, 736, 2329, 304
1336, 740, 2344, 308
1337, 743, 2348, 311
1338, 738, 2326, 311
1339, 748, 2339, 310
1340, 730, 2355, 311
1341, 748, 2339, 310
1342, 731, 2361, 312
1343, 750, 2367, 316
1344, 743, 2385, 313
1345, 738, 2388, 318
1346, 738, 2400, 323
1347, 729, 2402, 327
1348, 724, 2401, 329
1349, 728, 2397, 330
1350, 735, 2409, 329
1351, 744, 2413, 331
1352, 715, 2429, 331
1353, 715, 2444, 334
1354, 723, 2472, 331
1355, 729, 2475, 334
1356, 715, 2487, 331
1357, 721, 2494, 330
1358, 705, 2498, 330
1359, 694, 2514, 325
1360, 674, 2522, 317
1361, 685, 2525, 316
1362, 675, 2535, 311
1363, 687, 2522, 307
1364, 690, 2538, 306
1365, 681, 2531, 308
1366, 684, 2539, 311
1367, 669, 2543, 314
1368, 675, 2546, 314
1369, 657, 2539, 323
1370, 668, 2511, 323
1371, 677, 2504, 323
1372, 694, 2473, 326
1373, 697, 2465, 323
1374, 671, 2446, 326
1375, 708, 2424, 324
1376, 711, 2411, 320
1377, 730, 2394, 320
1378, 726, 2384, 319
1379, 720, 2383, 324
1380, 725, 2384, 323
1381, 705, 2367, 324
1382, 695, 2387, 323
1383, 692, 2387, 320
1384, 693, 2378, 313
1385, 690, 2361, 311
1386, 697, 2354, 305
1387, 712, 2363, 308
1388, 719, 2379, 299
1389, 732, 2394, 298
1390, 739, 2370, 293
1391, 757, 2372, 292
1392, 734, 2349, 285
1393, 746, 2337, 277
1394, 766, 2338, 274
1395, 758, 2328, 270
1396, 756, 2330, 269
1397, 763, 2336, 269
1398, 761, 2377, 274
1399, 737, 2418, 272
1400, 735, 2451, 272
1401, 728, 2463, 271
1402, 703, 2476, 269
1403, 695, 2524, 262
1404, 690, 2519, 257
1405, 699, 2542, 252
1406, 709, 2554, 249
1407, 722, 2523, 249
1408, 706, 2504, 242
1409, 694, 2493, 243
1410, 706, 2473, 247
1411, 697, 2464, 250
1412, 700, 2459, 254
1413, 687, 2464, 250
1414, 682, 2456, 252
1415, 688, 2454, 251
1416, 699, 2465, 253
1417, 705, 2481, 252
1418, 705, 2457, 251
1419, 699, 2455, 250
1420, 715, 2454, 254
1421, 703, 2479, 248
1422, 713, 2488, 243
1423, 702, 2496, 240
1424, 693, 2508, 239
1425, 717, 2509, 243
1426, 709, 2526, 245
1427, 705, 2530, 253
1428, 712, 2551, 255
1429, 692, 2591, 257
1430, 703, 2597, 257
1431, 704, 2585, 263
1432, 660, 2606, 261
1433, 684, 2598, 263
1434, 686, 2584, 262
1435, 663, 2589, 252
1436, 662, 2576, 245
1437, 639, 2586, 242
1438, 652, 2572, 236
1439, 663, 2577, 231
1440, 666, 2580, 227
1441, 657, 2586, 224
1442, 647, 2584, 220
1443, 663, 2560, 220
1444, 661, 2551, 219
1445, 664, 2548, 218
1446, 679, 2549, 218
1447, 677, 2543, 215
1448, 657, 2548, 215
1449, 644, 2546, 216
1450, 645, 2554, 218
1451, 648, 2560, 214
1452, 649, 2553, 212
1453, 648, 2516, 212
1454, 660, 2522, 210
1455, 643, 2526, 214
1456, 652, 2517, 218
1457, 654, 2507, 221
1458, 648, 2491, 224
1459, 657, 2483, 227
1460, 673, 2472, 228
1461, 683, 2466, 231
1462, 692, 2463, 234
1463, 690, 2450, 237
1464, 685, 2425, 234
1465, 704, 2392, 235
1466, 699, 2411, 235
1467, 682, 2428, 240
1468, 682, 2409, 242
1469, 705, 2426, 241
1470, 716, 2441, 240
1471, 709, 2449, 236
1472, 698, 2453, 235
1473, 706, 2444, 231
1474, 705, 2451, 233
1475, 699, 2446, 233
1476, 695, 2439, 231
1477, 696, 2434, 229
1478, 686, 2440, 235
1479, 693, 2429, 238
1480, 713, 2443, 239
1481, 735, 2447, 239
1482, 742, 2430, 243
1483, 751, 2445, 244
1484, 753, 2428, 246
1485, 769, 2416, 248
1486, 763, 2437, 246
1487, 756, 2414, 245
1488, 727, 2426, 247
1489, 725, 2456, 247
1490, 714, 2445, 252
1491, 731, 2441, 255
1492, 728, 2461, 258
1493, 714, 2477, 261
1494, 688, 2477, 266
1495, 683, 2498, 269
1496, 661, 2520, 270
1497, 662, 2517, 272
1498, 646, 2534, 274
1499, 642, 2546, 279
1500, 667, 2547, 278
1501, 669, 2558, 278
1502, 653, 2578, 282
1503, 661, 2589, 280
1504, 661, 2585, 282
1505, 663, 2587, 286
1506, 661, 2574, 291
1507, 650, 2572, 304
1508, 661, 2559, 314
1509, 652, 2547, 317
1510, 670, 2544, 320
1511, 690, 2523, 316
1512, 679, 2483, 319
1513, 685, 2469, 323
1514, 679, 2455, 327
1515, 656, 2440, 328
1516, 660, 2442, 335
1517, 659, 2429, 337
1518, 663, 2433, 340
1519, 666, 2426, 331
1520, 669, 2455, 332
1521, 664, 2470, 329
1522, 651, 2474, 328
1523, 654, 2474, 325
1524, 646, 2473, 325
1525, 648, 2452, 322
1526, 663, 2447, 321
1527, 679, 2423, 320
1528, 674, 2413, 322
1529, 674, 2419, 325
1530, 676, 2408, 323
1531, 686, 2403, 321
1532, 690, 2403, 321
1533, 690, 2385, 329
1534, 695, 2391, 336
1535, 695, 2397, 348
1536, 723, 2406, 350
1537, 724, 2409, 356
1538, 714, 2408, 363
1539, 709, 2407, 380
1540, 703, 2402, 397
1541, 707, 2402, 419
1542, 708, 2397, 432
1543, 690, 2391, 447
1544, 686, 2404, 460
1545, 670, 2412, 479
1546, 683, 2395, 495
1547, 690, 2407, 503
1548, 706, 2420, 507
1549, 703, 2445, 522
1550, 713, 2424, 533
1551, 748, 2417, 534
1552, 730, 2421, 532
1553, 716, 2421, 525
1554, 721, 2424, 538
1555, 730, 2421, 543
1556, 719, 2400, 546
1557, 728, 2370, 550
1558, 726, 2339, 550
1559, 742, 2319, 553
1560, 740, 2334, 555
1561, 743, 2334, 565
1562, 745, 2306, 565
1563, 750, 2294, 576
1564, 765, 2249, 577
1565, 750, 2252, 587
1566, 755, 2244, 593
1567, 749, 2222, 590
1568, 770, 2221, 595
1569, 784, 2207, 597
1570, 796, 2197, 607
1571, 813, 2199, 612
1572, 827, 2197, 616
1573, 834, 2201, 622
1574, 826, 2187, 625
1575, 815, 2182, 623
1576, 825, 2167, 627
1577, 826, 2160, 630
1578, 820, 2148, 629
1579, 801, 2147, 631
1580, 787, 2142, 628
1581, 799, 2132, 622
1582, 795, 2125, 617
1583, 812, 2108, 625
1584, 809, 2088, 627
1585, 809, 2097, 630
1586, 795, 2120, 639
1587, 821, 2141, 642
1588, 794, 2147, 648
1589, 804, 2152, 662
1590, 795, 2165, 673
1591, 792, 2177, 695
1592, 804, 2196, 706
1593, 815, 2224, 711
1594, 795, 2241, 716
1595, 788, 2238, 710
1596, 769, 2250, 720
1597, 772, 2270, 725
1598, 770, 2272, 732
1599, 752, 2279, 732
1600, 772, 2257, 738
1601, 776, 2244, 742
1602, 778, 2239, 756
1603, 771, 2246, 764
1604, 770, 2260, 787
1605, 766, 2245, 803
1606, 762, 2249, 815
1607, 776, 2266, 837
1608, 777, 2276, 861
1609, 770, 2273, 872
1610, 765, 2272, 883
1611, 779, 2270, 891
1612, 787, 2245, 884
1613, 777, 2236, 893
1614, 787, 2233, 915
1615, 801, 2252, 922
1616, 805, 2247, 920
1617, 820, 2232, 928
1618, 819, 2214, 916
1619, 803, 2187, 913
1620, 799, 2178, 915
1621, 800, 2178, 909
1622, 798, 2178, 897
1623, 804, 2153, 888
1624, 799, 2126, 893
1625, 820, 2111, 872
1626, 806, 2096, 878
1627, 806, 2087, 862
1628, 823, 2081, 842
1629, 808, 2086, 833
1630, 809, 2081, 828
1631, 832, 2072, 819
1632, 829, 2064, 813
1633, 815, 2081, 809
1634, 819, 2118, 804
1635, 830, 2134, 797
1636, 816, 2152, 793
1637, 811, 2157, 782
1638, 816, 2173, 779
1639, 799, 2199, 761
1640, 781, 2234, 760
1641, 765, 2246, 748
1642, 761, 2283, 741
1643, 737, 2289, 730
1644, 715, 2272, 736
1645, 714, 2290, 727
1646, 706, 2324, 733
1647, 721, 2351, 727
1648, 747, 2388, 729
1649, 733, 2421, 724
1650, 732, 2421, 725
1651, 733, 2426, 724
1652, 718, 2424, 717
1653, 716, 2415, 704
1654, 726, 2416, 705
1655, 730, 2430, 699
1656, 709, 2437, 698
1657, 703, 2427, 684
1658, 726, 2430, 679
1659, 717, 2406, 675
1660, 718, 2394, 651
1661, 721, 2394, 638
1662, 735, 2394, 623
1663, 746, 2389, 615
1664, 729, 2384, 605
1665, 733, 2351, 604
1666, 722, 2326, 599
1667, 741, 2294, 593
1668, 748, 2313, 578
1669, 750, 2318, 570
1670, 739, 2298, 555
1671, 726, 2288, 542
1672, 735, 2317, 535
1673, 741, 2323, 521
1674, 742, 2322, 512
1675, 755, 2312, 505
1676, 744, 2306, 496
1677, 748, 2301, 488
1678, 755, 2304, 480
1679, 745, 2289, 473
1680, 749, 2280, 461
1681, 753, 2248, 465
1682, 755, 2245, 467
1683, 752, 2252, 468
1684, 752, 2255, 472
1685, 748, 2261, 466
1686, 743, 2264, 471
1687, 735, 2254, 469
1688, 752, 2265, 471
1689, 775, 2273, 473
1690, 777, 2297, 469
1691, 772, 2323, 459
1692, 766, 2331, 455
1693, 773, 2333, 453
1694, 774, 2336, 446
1695, 782, 2329, 445
1696, 795, 2330, 441
1697, 792, 2332, 442
1698, 809, 2327, 436
1699, 792, 2334, 429
1700, 800, 2334, 420
1701, 789, 2327, 409
1702, 759, 2316, 405
1703, 765, 2313, 403
1704, 749, 2335, 396
1705, 746, 2337, 391
1706, 742, 2333, 381
1707, 740, 2343, 384
1708, 744, 2344, 379
1709, 747, 2345, 375
1710, 744, 2345, 375
1711, 732, 2360, 378
1712, 734, 2356, 379
1713, 741, 2380, 380
1714, 718, 2388, 375
1715, 708, 2397, 372
1716, 706, 2403, 379
1717, 705, 2405, 379
1718, 732, 2448, 376
1719, 733, 2458, 365
1720, 719, 2461, 364
1721, 712, 2484, 357
1722, 720, 2483, 352
1723, 737, 2461, 347
1724, 743, 2452, 346
1725, 732, 2457, 338
1726, 724, 2461, 334
1727, 712, 2459, 328
1728, 709, 2466, 326
1729, 698, 2449, 324
1730, 695, 2454, 323
1731, 714, 2475, 321
1732, 708, 2471, 318
1733, 722, 2470, 314
1734, 724, 2475, 311
1735, 723, 2477, 316
1736, 723, 2485, 315
1737, 692, 2486, 312
1738, 696, 2487, 313
1739, 692, 2489, 308
1740, 689, 2501, 308
1741, 684, 2495, 313
1742, 703, 2492, 311
1743, 714, 2477, 312
1744, 715, 2467, 313
1745, 698, 2463, 314
1746, 721, 2457, 313
1747, 733, 2466, 314
1748, 745, 2448, 315
1749, 744, 2436, 314
1750, 741, 2427, 311
1751, 728, 2403, 308
1752, 725, 2408, 313
1753, 713, 2388, 318
1754, 725, 2362, 317
1755, 724, 2345, 314
1756, 717, 2345, 309
1757, 732, 2323, 306
1758, 732, 2340, 296
1759, 737, 2360, 300
1760, 736, 2371, 296
1761, 740, 2391, 297
1762, 751, 2419, 301
1763, 740, 2419, 304
1764, 733, 2440, 304
1765, 728, 2456, 303
1766, 729, 2456, 309
1767, 707, 2456, 310
1768, 692, 2461, 312
1769, 691, 2475, 312
1770, 700, 2478, 316
1771, 682, 2466, 314
1772, 695, 2457, 317
1773, 690, 2440, 309
1774, 690, 2425, 309
1775, 687, 2438, 299
1776, 697, 2445, 297
1777, 725, 2431, 293
1778, 707, 2422, 286
1779, 718, 2449, 278
1780, 719, 2450, 270
1781, 709, 2436, 274
1782, 709, 2447, 276
1783, 702, 2467, 277
1784, 684, 2497, 272
1785, 673, 2499, 275
1786, 667, 2501, 270
1787, 683, 2495, 270
1788, 668, 2523, 270
1789, 666, 2527, 275
1790, 649, 2519, 277
1791, 655, 2540, 279
1792, 654, 2540, 278
1793, 666, 2549, 275
1794, 672, 2533, 278
1795, 676, 2522, 278
1796, 676, 2495, 276
1797, 690, 2507, 276
1798, 682, 2507, 276
1799, 700, 2503, 275
1800, 704, 2483, 274
1801, 697, 2463, 274
1802, 700, 2427, 270
1803, 704, 2411, 271
1804, 708, 2392, 273
1805, 715, 2376, 274
1806, 730, 2344, 277
1807, 741, 2319, 273
1808, 736, 2297, 267
1809, 743, 2274, 260
1810, 732, 2272, 259
1811, 725, 2269, 256
1812, 726, 2280, 251
1813, 732, 2258, 251
1814, 714, 2254, 248
1815, 718, 2269, 246
1816, 738, 2289, 249
1817, 747, 2307, 249
1818, 758, 2325, 249
1819, 755, 2325, 250
1820, 758, 2353, 249
1821, 751, 2354, 249
1822, 739, 2367, 250
1823, 741, 2385, 253
1824, 750, 2396, 258
1825, 757, 2433, 254
1826, 749, 2443, 257
1827, 745, 2449, 254
1828, 734, 2456, 252
1829, 723, 2475, 251
1830, 710, 2501, 252
1831, 702, 2485, 251
1832, 701, 2498, 250
1833, 671, 2489, 251
1834, 701, 2500, 247
1835, 693, 2506, 247
1836, 688, 2520, 245
1837, 688, 2521, 245
1838, 671, 2530, 248
1839, 665, 2544, 245
1840, 650, 2557, 246
1841, 644, 2583, 243
1842, 644, 2612, 242
1843, 644, 2628, 244
1844, 628, 2643, 247
1845, 621, 2653, 245
1846, 617, 2657, 249
1847, 605, 2658, 247
1848, 628, 2660, 245
1849, 630, 2643, 240
1850, 635, 2630, 240
1851, 653, 2609, 236
1852, 662, 2599, 233
1853, 669, 2586, 241
1854, 681, 2586, 245
1855, 670, 2549, 246
1856, 645, 2531, 243
1857, 660, 2499, 244
1858, 669, 2478, 247
1859, 698, 2477, 257
1860, 696, 2444, 257
1861, 701, 2415, 258
1862, 696, 2399, 258
1863, 670, 2386, 250
1864, 679, 2374, 244
1865, 685, 2368, 237
1866, 683, 2385, 233
1867, 699, 2386, 227
1868, 686, 2372, 228
1869, 696, 2371, 226
1870, 681, 2359, 226
1871, 701, 2364, 230
1872, 709, 2367, 229
1873, 710, 2381, 227
1874, 709, 2389, 225
1875, 709, 2396, 221
1876, 698, 2403, 221
1877, 703, 2354, 222
1878, 715, 2365, 222
1879, 705, 2378, 220
1880, 716, 2366, 219
1881, 713, 2363, 220
1882, 707, 2394, 216
1883, 706, 2416, 215
1884, 713, 2434, 214
1885, 706, 2442, 214
1886, 685, 2454, 212
1887, 693, 2487, 211
1888, 700, 2495, 209
1889, 693, 2529, 209
1890, 692, 2548, 210
1891, 698, 2558, 213
1892, 677, 2561, 212
1893, 694, 2595, 215
1894, 685, 2578, 214
1895, 684, 2549, 215
1896, 701, 2502, 218
1897, 709, 2499, 219
1898, 705, 2501, 218
1899, 697, 2490, 227
1900, 711, 2481, 223
1901, 713, 2473, 220
1902, 718, 2453, 223
1903, 699, 2453, 225
1904, 710, 2444, 224
1905, 698, 2459, 221
1906, 707, 2423, 219
1907, 702, 2446, 219
1908, 705, 2433, 215
1909, 692, 2435, 213
1910, 672, 2421, 209
1911, 684, 2399, 212
1912, 685, 2411, 214
1913, 691, 2385, 214
1914, 693, 2382, 213
1915, 679, 2397, 211
1916, 678, 2401, 211
1917, 666, 2414, 217
1918, 681, 2419, 223
1919, 676, 2426, 230
1920, 674, 2435, 233
1921, 701, 2430, 232
1922, 697, 2448, 234
1923, 695, 2462, 233
1924, 705, 2479, 234
1925, 703, 2479, 237
1926, 685, 2487, 241
1927, 693, 2485, 245
1928, 694, 2483, 243
1929, 710, 2490, 243
1930, 711, 2491, 241
1931, 683, 2506, 241
1932, 689, 2513, 243
1933, 683, 2499, 236
1934, 699, 2506, 227
1935, 682, 2517, 229
1936, 681, 2495, 231
1937, 695, 2492, 225
1938, 712, 2512, 222
1939, 718, 2483, 214
1940, 710, 2481, 209
1941, 701, 2477, 207
1942, 708, 2462, 206
1943, 691, 2449, 210
1944, 691, 2448, 214
1945, 697, 2447, 222
1946, 684, 2467, 224
1947, 701, 2463, 227
1948, 695, 2483, 228
1949, 704, 2506, 229
1950, 693, 2489, 234
1951, 696, 2464, 234
1952, 689, 2472, 230
